A=[2 6;3 9];
B=[1 2;3 4];
C=[-5 5;5 3];
D=[1 0 0 0 0 0;0 1 0 0 0 0];
E=[0 0 1 0 0 0;0 0 0 1 0 0];
F=[0 0 0 0 1 0;0 0 0 0 0 1];
G=[A*D;B*E;C*F]
