n=[1 10 100 500 1000 2000 4000 8000];
f=(1+(1./n)).^n;
error=exp(1);
F=f-error